188.00      5   
170.00      126 
155.00      247 
144.00      368 
114.00      489 
108.00      610 
104.00      731 
101.00      852 
90.60       973 
89.10       1094
83.90       1215
79.30       1336
74.10       1457
64.30       1578
64.30       1699
63.80       1820
62.80       1941
62.00       2062
61.50       2183
60.10       2304
58.40       2425
57.00       2546
56.50       2667
53.70       2788
53.30       2909
50.40       3030
49.60       3151
44.90       3272
44.80       3393
44.50       3514