    -1
     1749  31 1 000     0     2
     2756  64 0 100     0     3
     3759  58 0 100     0     4
     4766  35 0 000     0     5
     5755  35 0 000     0     6
     6743  37 7 010     0     7
     7749  55 1 100     0     8
     8752  47 0 000     0     9
     9749  64 1 100     0    10
    10743  14 7 010     0    11
    117390.0611 110     0    12
    12746  32 4 000     0    13
    13750   6 0 000     0    14
    147550.07 0 800     0    15
    15733  2317 010     0    16
    16758   7 0 000     0    17
    177360.0714 810     0    18
    18747   3 3 000     0    19
    197500.02 0 000     0    20
    20754   2 0 000     0    21
    21744  73 6 810     0    22
    22748  42 2 000     0    23
    237550.07 0 800     0    24
    24761  61 0 100     0    25
    257500.01 0 000     0    26
    26744  22 6 010     0    27
    27747  55 3 000     0    28
    28748  15 2 000     0    29
    29749  32 1 000     0    30
    30747  69 3 800     0    31
